# x y z
10.250000 19.750000 10.844579
10.750000 19.750000 10.846581
11.250000 19.750000 10.872001
11.750000 19.750000 10.915683
12.250000 19.750000 10.969787
12.750000 19.750000 11.027158
13.250000 19.750000 11.083163
13.750000 19.750000 11.135376
14.250000 19.750000 11.182412
14.750000 19.750000 11.223037
15.250000 19.750000 11.255873
15.750000 19.750000 11.279397
16.250000 19.750000 11.292078
16.750000 19.750000 11.292472
17.250000 19.750000 11.279339
17.750000 19.750000 11.251841
17.750000 19.250000 11.250710
17.750000 18.750000 11.257485
17.750000 18.250000 11.271161
17.750000 17.750000 11.289584
17.750000 17.250000 11.310020
17.750000 16.750000 11.329812
18.250000 16.750000 11.290600
18.750000 16.750000 11.250420
19.250000 16.750000 11.212830
19.750000 16.750000 11.181440
20.250000 16.750000 11.159451
20.750000 16.750000 11.149151
21.250000 16.750000 11.151619
21.750000 16.750000 11.166814
22.250000 16.750000 11.193986
22.750000 16.750000 11.232079
23.250000 16.750000 11.279930
23.750000 16.750000 11.336285
24.250000 16.750000 11.399758
24.750000 16.750000 11.468866
25.250000 16.750000 11.542074
25.750000 16.750000 11.617886
26.250000 16.750000 11.694910
26.750000 16.750000 11.771899
27.250000 16.750000 11.847748
27.750000 16.750000 11.921483
28.250000 16.750000 11.992230
28.750000 16.750000 12.059188
29.250000 16.750000 12.121607
29.750000 16.750000 12.178782
30.250000 16.750000 12.230068
30.750000 16.750000 12.274937
31.250000 16.750000 12.313019
31.750000 16.750000 12.344195
32.250000 16.750000 12.368651
32.750000 16.750000 12.386925
33.250000 16.750000 12.399934
33.750000 16.750000 12.408924
34.250000 16.750000 12.415409
34.750000 16.750000 12.421073
35.250000 16.750000 12.427661
35.750000 16.750000 12.436878
35.750000 16.250000 12.455853
35.750000 15.750000 12.472152
36.250000 15.750000 12.497524
36.750000 15.750000 12.526685
36.750000 15.250000 12.548236
37.250000 15.250000 12.584624
37.750000 15.250000 12.625030
37.750000 14.750000 12.645731
38.250000 14.750000 12.691005
38.750000 14.750000 12.739691
39.250000 14.750000 12.791496
39.750000 14.750000 12.845898
40.250000 14.750000 12.902140
